      0/29     13.9G   0.09143   0.06528   0.06415    0.2209       171       640  0.007707   0.05673    0.0301  0.008292   0.07922   0.04621   0.05101
      1/29     14.2G   0.07522   0.05976   0.04253    0.1775       184       640    0.4236    0.1112    0.1228   0.03839   0.06693   0.03575   0.03547
      2/29     14.2G   0.06693    0.0525    0.0334    0.1528       147       640    0.1818     0.206    0.1613   0.05506   0.06156   0.03563   0.03149
      3/29     14.2G   0.06063   0.04988   0.03038    0.1409       154       640     0.277     0.192    0.1444   0.05321   0.06024   0.03853   0.03092
      4/29     14.2G   0.05854   0.04933   0.02874    0.1366       116       640    0.3185    0.2084    0.2065   0.08091   0.05793   0.03391   0.02878
      5/29     14.2G   0.05508   0.04904   0.02691     0.131       181       640    0.3486   0.09807     0.106   0.03759   0.06759    0.0411   0.04859
      6/29     14.2G   0.05239   0.04757   0.02517    0.1251       121       640    0.4117    0.2724    0.2462   0.09852   0.05343   0.03282   0.02642
      7/29     14.2G    0.0517   0.04759   0.02429    0.1236       145       640      0.43    0.2247    0.2594    0.1035   0.05258   0.03277   0.02563
      8/29     14.2G   0.05066   0.04626   0.02348    0.1204       123       640    0.3737    0.2661    0.2681     0.107   0.05304   0.03234   0.02529
      9/29     14.2G   0.04954   0.04553   0.02306    0.1181       141       640    0.3637    0.2802    0.2452    0.1049   0.05256     0.033   0.02582
     10/29     14.2G   0.04879   0.04598   0.02245    0.1172       110       640    0.4034    0.2534    0.2721    0.1142   0.05098   0.03237   0.02467
     11/29     14.2G   0.04795   0.04553   0.02226    0.1157       171       640    0.3652    0.3081     0.274    0.1142   0.05079   0.03156   0.02444
     12/29     14.2G   0.04742    0.0448   0.02167    0.1139       158       640    0.3498    0.3347    0.2968    0.1246   0.05024   0.03114   0.02389
     13/29     14.2G   0.04637   0.04376   0.02121    0.1113       128       640    0.3937    0.2914    0.2869    0.1189   0.05062   0.03146   0.02385
     14/29     14.2G   0.04572   0.04372   0.02078    0.1102       151       640    0.4134    0.3088    0.3044    0.1274   0.05031   0.03158   0.02374
     15/29     14.2G    0.0456    0.0436   0.02098    0.1102       193       640    0.4009    0.3205    0.3068    0.1295   0.05001   0.03116   0.02367
     16/29     14.2G   0.04472   0.04229   0.02053    0.1075       168       640    0.4185    0.3411    0.3281    0.1378   0.04969   0.03141   0.02316
     17/29     14.2G   0.04412   0.04173   0.02007    0.1059       110       640    0.4163    0.3148    0.3143     0.135   0.04996   0.03182   0.02342
     18/29     14.2G   0.04396   0.04181      0.02    0.1058       143       640     0.403    0.3366    0.3176    0.1333    0.0499   0.03157   0.02355
     19/29     14.2G   0.04289   0.04109   0.01936    0.1033        98       640    0.4153    0.3463    0.3257     0.142   0.04871   0.03104   0.02318
     20/29     14.2G   0.04246   0.04107   0.01934    0.1029       118       640     0.427    0.3384    0.3192    0.1393   0.04882   0.03154    0.0232
     21/29     14.2G    0.0422   0.03973   0.01848    0.1004       151       640    0.4046    0.3479    0.3254    0.1447   0.04879   0.03136   0.02284
     22/29     14.2G   0.04191   0.04049   0.01883    0.1012        81       640    0.4165    0.3395    0.3191    0.1395   0.04933   0.03243   0.02345
     23/29     14.2G   0.04137   0.03955   0.01843   0.09935       229       640    0.4078    0.3349    0.3185    0.1403   0.04892   0.03164   0.02312
     24/29     14.2G   0.04106   0.03875   0.01832   0.09812       128       640      0.39    0.3454     0.314    0.1375   0.04919   0.03179   0.02315
     25/29     14.2G    0.0408    0.0394   0.01785   0.09806       131       640     0.407    0.3463     0.315    0.1379   0.04955   0.03232   0.02357
     26/29     14.2G   0.04038   0.03835   0.01788   0.09662       135       640      0.41    0.3444    0.3152    0.1387   0.04896    0.0322   0.02348
     27/29     14.2G   0.03996   0.03784   0.01782   0.09562       111       640     0.407    0.3358    0.3095    0.1405   0.04914   0.03255   0.02335
     28/29     14.2G   0.03967   0.03828   0.01737   0.09532       107       640    0.3969    0.3549    0.3136    0.1398   0.04905   0.03253    0.0234
     29/29     14.2G   0.03928   0.03781   0.01742   0.09452       136       640     0.429    0.3311    0.3192    0.1416   0.04926   0.03257   0.02391
